400
-333.000 206.000
-331.361 205.958
-327.508 205.866
-321.687 205.730
-314.144 205.555
-305.125 205.347
-294.876 205.111
-283.643 204.853
-271.672 204.578
-259.209 204.292
-246.500 204.000
-233.791 203.708
-221.328 203.422
-209.357 203.147
-198.124 202.889
-187.875 202.653
-178.856 202.445
-171.313 202.270
-165.492 202.134
-161.639 202.042
-160.000 202.000
-159.578 201.970
-159.207 201.910
-158.882 201.824
-158.597 201.713
-158.347 201.580
-158.126 201.427
-157.929 201.256
-157.750 201.070
-157.584 200.872
-157.425 200.662
-157.267 200.445
-157.106 200.222
-156.934 199.995
-156.748 199.766
-156.541 199.539
-156.307 199.315
-156.042 199.097
-155.739 198.887
-155.394 198.687
-155.000 198.500
-154.511 198.318
-153.893 198.133
-153.164 197.942
-152.338 197.746
-151.431 197.542
-150.460 197.331
-149.441 197.111
-148.389 196.881
-147.320 196.640
-146.250 196.387
-145.195 196.122
-144.171 195.843
-143.194 195.549
-142.280 195.240
-141.444 194.914
-140.702 194.570
-140.071 194.208
-139.567 193.826
-139.204 193.424
-139.000 193.000
-138.889 192.259
-138.797 190.948
-138.721 189.131
-138.660 186.870
-138.612 184.230
-138.577 181.272
-138.552 178.061
-138.536 174.659
-138.528 171.130
-138.525 167.537
-138.527 163.944
-138.532 160.413
-138.538 157.007
-138.545 153.791
-138.550 150.827
-138.552 148.178
-138.550 145.907
-138.541 144.079
-138.525 142.755
-138.500 142.000
-138.453 141.546
-138.376 141.086
-138.270 140.620
-138.140 140.148
-137.989 139.672
-137.820 139.192
-137.638 138.709
-137.444 138.224
-137.243 137.737
-137.037 137.250
-136.831 136.763
-136.628 136.276
-136.431 135.791
-136.243 135.308
-136.067 134.828
-135.908 134.352
-135.768 133.880
-135.651 133.414
-135.561 132.954
-135.500 132.500
-135.456 131.916
-135.413 131.082
-135.372 130.026
-135.333 128.776
-135.295 127.359
-135.260 125.804
-135.226 124.138
-135.194 122.388
-135.165 120.583
-135.137 118.750
-135.112 116.917
-135.090 115.112
-135.069 113.362
-135.051 111.696
-135.036 110.141
-135.023 108.724
-135.013 107.474
-135.006 106.418
-135.001 105.584
-135.000 105.000
-135.004 104.419
-135.016 103.593
-135.034 102.551
-135.058 101.318
-135.084 99.923
-135.113 98.393
-135.143 96.755
-135.173 95.035
-135.200 93.262
-135.225 91.462
-135.245 89.664
-135.259 87.893
-135.266 86.177
-135.265 84.544
-135.253 83.020
-135.230 81.634
-135.195 80.411
-135.146 79.380
-135.081 78.567
-135.000 78.000
-134.897 77.579
-134.767 77.186
-134.613 76.820
-134.434 76.480
-134.231 76.166
-134.006 75.876
-133.760 75.610
-133.493 75.368
-133.206 75.148
-132.900 74.950
-132.576 74.773
-132.235 74.616
-131.878 74.479
-131.506 74.360
-131.119 74.259
-130.718 74.176
-130.305 74.109
-129.881 74.058
-129.445 74.022
-129.000 74.000
-126.759 73.950
-121.184 73.836
-112.645 73.664
-101.512 73.442
-88.156 73.177
-72.948 72.876
-56.258 72.547
-38.456 72.197
-19.913 71.833
-1.000 71.462
17.913 71.093
36.456 70.731
54.258 70.385
70.948 70.061
86.156 69.767
99.512 69.510
110.645 69.298
119.184 69.137
124.759 69.036
127.000 69.000
127.449 69.025
127.894 69.098
128.334 69.217
128.766 69.378
129.189 69.578
129.600 69.815
129.997 70.087
130.379 70.389
130.743 70.719
131.087 71.075
131.410 71.453
131.709 71.851
131.982 72.266
132.227 72.695
132.442 73.134
132.626 73.582
132.775 74.036
132.889 74.492
132.964 74.947
133.000 75.400
133.000 76.616
132.974 79.257
132.922 83.165
132.850 88.182
132.758 94.150
132.650 100.910
132.529 108.303
132.397 116.171
132.257 124.356
132.112 132.700
131.966 141.044
131.819 149.229
131.676 157.097
131.539 164.490
131.411 171.250
131.294 177.218
131.192 182.235
131.107 186.143
131.042 188.784
131.000 190.000
130.944 190.447
130.836 190.886
130.682 191.317
130.483 191.738
130.244 192.147
129.967 192.543
129.656 192.926
129.314 193.293
128.944 193.643
128.550 193.975
128.135 194.288
127.702 194.579
127.255 194.849
126.797 195.095
126.331 195.316
125.861 195.510
125.389 195.678
124.920 195.816
124.455 195.924
124.000 196.000
123.209 196.064
121.784 196.137
119.795 196.215
117.312 196.300
114.406 196.389
111.148 196.481
107.608 196.576
103.856 196.672
99.963 196.768
96.000 196.862
92.037 196.955
88.144 197.044
84.392 197.129
80.852 197.207
77.594 197.280
74.688 197.344
72.205 197.399
70.216 197.444
68.791 197.478
68.000 197.500
67.383 197.529
66.456 197.584
65.253 197.661
63.808 197.760
62.156 197.877
60.332 198.008
58.370 198.153
56.304 198.308
54.169 198.470
52.000 198.637
49.831 198.807
47.696 198.976
45.630 199.142
43.668 199.302
41.844 199.455
40.192 199.596
38.747 199.724
37.544 199.835
36.617 199.928
36.000 200.000
35.343 200.103
34.299 200.286
32.913 200.540
31.226 200.857
29.283 201.228
27.125 201.645
24.796 202.099
22.339 202.582
19.797 203.085
17.212 203.600
14.629 204.118
12.089 204.630
9.636 205.128
7.312 205.603
5.161 206.047
3.226 206.451
1.549 206.807
0.174 207.106
-0.857 207.340
-1.500 207.500
-2.073 207.676
-2.902 207.956
-3.959 208.329
-5.214 208.784
-6.641 209.309
-8.209 209.894
-9.890 210.527
-11.655 211.196
-13.477 211.891
-15.325 212.600
-17.172 213.312
-18.989 214.016
-20.747 214.700
-22.417 215.354
-23.972 215.966
-25.382 216.524
-26.618 217.018
-27.652 217.436
-28.456 217.767
-29.000 218.000
-29.686 218.316
-30.894 218.883
-32.567 219.675
-34.646 220.662
-37.075 221.817
-39.795 223.111
-42.747 224.516
-45.875 226.003
-49.120 227.545
-52.425 229.112
-55.731 230.678
-58.981 232.213
-62.116 233.689
-65.079 235.078
-67.812 236.352
-70.258 237.482
-72.357 238.440
-74.052 239.198
-75.286 239.727
-76.000 240.000
-76.553 240.127
-77.326 240.238
-78.295 240.333
-79.435 240.413
-80.722 240.478
-82.131 240.529
-83.638 240.566
-85.218 240.590
-86.847 240.601
-88.500 240.600
-90.153 240.587
-91.782 240.562
-93.362 240.526
-94.869 240.479
-96.278 240.422
-97.565 240.355
-98.705 240.279
-99.674 240.194
-100.447 240.101
-101.000 240.000
-101.486 239.855
-102.068 239.635
-102.734 239.346
-103.472 238.997
-104.272 238.594
-105.122 238.144
-106.011 237.655
-106.928 237.134
-107.861 236.589
-108.800 236.025
-109.733 235.451
-110.648 234.874
-111.535 234.300
-112.382 233.738
-113.178 233.194
-113.912 232.675
-114.572 232.189
-115.148 231.743
-115.628 231.345
-116.000 231.000
-116.325 230.637
-116.669 230.185
-117.028 229.652
-117.400 229.049
-117.783 228.384
-118.173 227.668
-118.569 226.910
-118.968 226.118
-119.367 225.304
-119.762 224.475
-120.153 223.642
-120.536 222.814
-120.908 222.000
-121.267 221.210
-121.611 220.453
-121.936 219.739
-122.240 219.077
-122.520 218.477
-122.775 217.948
